0 0.112500 0.458594 0.031250 0.067187
0 0.110156 0.564063 0.035937 0.093750
0 0.110547 0.658594 0.058594 0.104688
0 0.112500 0.729688 0.040625 0.031250
0 0.175000 0.697656 0.025000 0.035937
0 0.265234 0.626563 0.058594 0.043750
0 0.248047 0.723437 0.030469 0.025000
0 0.449609 0.502734 0.077344 0.049219
0 0.527734 0.467187 0.083594 0.034375
0 0.598828 0.393359 0.044531 0.039844
0 0.502344 0.359766 0.035937 0.050781
0 0.635938 0.385937 0.018750 0.025000
0 0.694141 0.485938 0.028906 0.078125
0 0.263672 0.468750 0.021094 0.021875