0 0.366016 0.489844 0.225781 0.204687
0 0.169531 0.575781 0.042188 0.092188
0 0.212109 0.516016 0.055469 0.113281
0 0.200000 0.632812 0.040625 0.056250
0 0.280469 0.701172 0.085938 0.042969
0 0.313281 0.813672 0.020313 0.042969
0 0.437500 0.836719 0.025000 0.023438
0 0.425781 0.682813 0.017188 0.034375
0 0.516797 0.688672 0.014844 0.030469
0 0.216797 0.802344 0.014844 0.010937
0 0.757031 0.717578 0.010937 0.016406
0 0.732422 0.729688 0.033594 0.059375
0 0.223828 0.752734 0.053906 0.055469
0 0.502344 0.643750 0.357812 0.075000